ปริมาณก๊าซแต่ละพื้นที่

3397500.00		3397500.00		3397500.00		3397500.00		3397500.00		3397500.00		3397500.00		3397500.00		3397500.00		3397500.00		3397500.00		3397500.00		3397500.00		3397500.00		3397500.00		3397500.00		3397500.00		3397500.00		3397500.00		3397500.00		
4500000.00		4500000.00		4500000.00		4500000.00		4500000.00		4500000.00		4500000.00		4500000.00		4500000.00		4500000.00		4500000.00		4500000.00		4500000.00		4500000.00		4500000.00		4500000.00		4500000.00		4500000.00		4500000.00		4500000.00		
2857500.00		2857500.00		2857500.00		2857500.00		2857500.00		2857500.00		2857500.00		2857500.00		2857500.00		2857500.00		2857500.00		2857500.00		2857500.00		2857500.00		2857500.00		2857500.00		2857500.00		2857500.00		2857500.00		2857500.00		
1260000.00		1260000.00		1260000.00		1260000.00		1260000.00		1260000.00		1260000.00		1260000.00		1260000.00		1260000.00		1260000.00		1260000.00		1260000.00		1260000.00		1260000.00		1260000.00		1260000.00		1260000.00		1260000.00		1260000.00		
4500000.00		4500000.00		4500000.00		4500000.00		4500000.00		4500000.00		4500000.00		4500000.00		4500000.00		4500000.00		4500000.00		4500000.00		4500000.00		4500000.00		4500000.00		4500000.00		4500000.00		4500000.00		4500000.00		4500000.00		
0.00			0.00			0.00			0.00			0.00			0.00			0.00			0.00			0.00			0.00			0.00			0.00			0.00			0.00			0.00			0.00			0.00			0.00			0.00			0.00			
0.00			0.00			0.00			0.00			0.00			0.00			0.00			0.00			0.00			0.00			0.00			0.00			0.00			0.00			0.00			0.00			0.00			0.00			0.00			0.00			
4500000.00		4500000.00		4500000.00		4500000.00		4500000.00		4500000.00		4500000.00		4500000.00		4500000.00		4500000.00		4500000.00		4500000.00		4500000.00		4500000.00		4500000.00		4500000.00		4500000.00		4500000.00		4500000.00		4500000.00		
4500000.00		4500000.00		4500000.00		4500000.00		4500000.00		4500000.00		4500000.00		4500000.00		4500000.00		4500000.00		4500000.00		4500000.00		4500000.00		4500000.00		4500000.00		4500000.00		4500000.00		4500000.00		4500000.00		4500000.00		
4500000.00		4500000.00		4500000.00		4500000.00		4500000.00		4500000.00		4500000.00		4500000.00		4500000.00		4500000.00		4500000.00		4500000.00		4500000.00		4500000.00		4500000.00		4500000.00		4500000.00		4500000.00		4500000.00		4500000.00		

ปริมาณก๊าซทั้งหมด		: 0.0
ปริมาณก๊าซเฉลี่ย		: 0.0
ปริมาณก๊าซที่ได้มากสุด	: 0.0
ปริมาณก๊าซที่ได้น้อยสุด	: 0.0
